# This file may be used to create an environment using:
# $ conda create --name <env> --file <this file>
# platform: linux-64
_libgcc_mutex=0.1=main
_openmp_mutex=4.5=1_gnu
ailment=9.0.10730=pypi_0
angr=9.0.10730=pypi_0
angr-utils=0.5.0=dev_0
archinfo=9.0.10730=pypi_0
autopep8=1.6.0=pypi_0
backports=1.0=py_2
backports.functools_lru_cache=1.6.4=pyhd8ed1ab_0
bingraphvis=0.3.0=dev_0
bitstring=3.1.9=pypi_0
blas=1.0=mkl
bleach=4.1.0=pyhd8ed1ab_0
ca-certificates=2021.10.26=h06a4308_2
cachetools=4.2.4=pypi_0
capstone=4.0.2=pypi_0
certifi=2021.5.30=py36h06a4308_0
cffi=1.15.0=pypi_0
claripy=9.0.10730=pypi_0
cle=9.0.10730=pypi_0
cppheaderparser=2.7.4=pypi_0
cycler=0.11.0=pypi_0
dbus=1.13.6=he372182_0
decorator=4.4.2=pypi_0
defusedxml=0.7.1=pyhd8ed1ab_0
dpkt=1.9.7.2=pypi_0
entrypoints=0.3=pyhd8ed1ab_1003
expat=2.4.1=h9c3ff4c_0
fontconfig=2.13.1=hba837de_1005
freetype=2.10.4=h0708190_1
future=0.18.2=pypi_0
gitdb=4.0.9=pypi_0
gitpython=3.1.18=pypi_0
glib=2.69.1=h5202010_0
gst-plugins-base=1.14.0=hbbd80ab_1
gstreamer=1.14.0=h28cd5cc_2
icu=58.2=hf484d3e_1000
intel-openmp=2021.4.0=h06a4308_3561
ipykernel=5.5.5=py36hcb3619a_0
ipython=5.8.0=py36_1
ipython_genutils=0.2.0=py_1
ipywidgets=7.6.5=pyhd8ed1ab_0
itanium-demangler=1.0=pypi_0
jinja2=3.0.3=pyhd8ed1ab_0
jpeg=9d=h36c2ea0_0
jsonschema=2.6.0=py36_1002
jupyter=1.0.0=py36h5fab9bb_6
jupyter-core=4.9.1=pypi_0
jupyter_client=5.3.4=py36_0
jupyter_console=5.2.0=py36_1
jupyter_core=4.8.1=py36h06a4308_0
jupyterlab_widgets=1.0.2=pyhd8ed1ab_0
kiwisolver=1.3.1=pypi_0
ld_impl_linux-64=2.35.1=h7274673_9
libffi=3.3=he6710b0_2
libgcc-ng=9.3.0=h5101ec6_17
libgfortran-ng=7.5.0=ha8ba4b0_17
libgfortran4=7.5.0=ha8ba4b0_17
libgomp=9.3.0=h5101ec6_17
libpng=1.6.37=h21135ba_2
libsodium=1.0.18=h36c2ea0_1
libstdcxx-ng=9.3.0=hd4cf53a_17
libuuid=2.32.1=h7f98852_1000
libxcb=1.13=h7f98852_1003
libxml2=2.9.12=h03d6c58_0
markupsafe=2.0.1=py36h8f6f2f9_0
matplotlib=3.3.4=pypi_0
mistune=0.8.4=py36h8f6f2f9_1004
mkl=2020.2=256
mkl-service=2.3.0=py36he8ac12f_0
mkl_fft=1.3.0=py36h54f3939_0
mkl_random=1.1.1=py36h0573a6f_0
mulpyplexer=0.9=pypi_0
nampa=0.1.1=pypi_0
nbconvert=5.6.1=pyhd8ed1ab_2
nbformat=5.1.3=pyhd8ed1ab_0
ncurses=6.3=h7f8727e_2
networkx=2.5.1=pypi_0
notebook=5.7.11=py36h5fab9bb_0
numpy=1.19.5=pypi_0
numpy-base=1.19.2=py36hfa32c7d_0
openssl=1.1.1l=h7f8727e_0
packaging=21.3=pyhd8ed1ab_0
pandocfilters=1.5.0=pyhd8ed1ab_0
pcre=8.45=h9c3ff4c_0
pefile=2021.9.3=pypi_0
pexpect=4.8.0=pyh9f0ad1d_2
pickleshare=0.7.5=py_1003
pillow=8.4.0=pypi_0
pip=21.3.1=pypi_0
plumbum=1.7.0=pypi_0
ply=3.11=pypi_0
progressbar2=3.55.0=pypi_0
prometheus_client=0.12.0=pyhd8ed1ab_0
prompt_toolkit=1.0.15=py_1
protobuf=3.19.1=pypi_0
psutil=5.8.0=pypi_0
pthread-stubs=0.4=h36c2ea0_1001
ptyprocess=0.7.0=pyhd3deb0d_0
pycodestyle=2.8.0=pypi_0
pycparser=2.21=pypi_0
pydot=1.4.2=pypi_0
pyelftools=0.27=pypi_0
pygments=2.10.0=pyhd8ed1ab_0
pyparsing=3.0.6=pyhd8ed1ab_0
pyqt=5.9.2=py36hcca6a23_4
pysmt=0.9.1.dev139=pypi_0
python=3.6.13=h12debd9_1
python-dateutil=2.8.2=pyhd8ed1ab_0
python-utils=2.5.6=pypi_0
python_abi=3.6=2_cp36m
pyvex=9.0.10730=pypi_0
pyzmq=19.0.2=py36h9947dbf_2
qt=5.9.7=h5867ecd_1
qtconsole=5.2.0=pyhd8ed1ab_0
qtpy=1.11.2=pyhd8ed1ab_0
readline=8.1=h27cfd23_0
rpyc=5.0.1=pypi_0
scipy=1.5.2=py36h0b6359f_0
send2trash=1.8.0=pyhd8ed1ab_0
setuptools=58.0.4=py36h06a4308_0
simplegeneric=0.8.1=py_1
sip=4.19.8=py36hf484d3e_0
six=1.16.0=pyh6c4a22f_0
smmap=5.0.0=pypi_0
sortedcontainers=2.4.0=pypi_0
sqlite=3.36.0=hc218d9a_0
terminado=0.12.1=py36h5fab9bb_0
testpath=0.5.0=pyhd8ed1ab_0
tk=8.6.11=h1ccaba5_0
toml=0.10.2=pypi_0
tornado=6.1=py36h8f6f2f9_1
traitlets=4.3.3=pyhd8ed1ab_2
typing-extensions=4.0.0=pypi_0
unicorn=1.0.2rc4=pypi_0
wcwidth=0.2.5=pyh9f0ad1d_2
webencodings=0.5.1=py_1
wheel=0.37.0=pyhd3eb1b0_1
widgetsnbextension=3.5.1=pyh9f0ad1d_3
xorg-libxau=1.0.9=h7f98852_0
xorg-libxdmcp=1.1.3=h7f98852_0
xz=5.2.5=h7b6447c_0
z3-solver=4.8.13.0=pypi_0
zeromq=4.3.4=h9c3ff4c_0
zlib=1.2.11=h7b6447c_3
